%YAML:1.0
---
model_type: PINHOLE
camera_name: camera
image_width: 848
image_height: 480
distortion_parameters:
   k1: 0.013295370139345102
   k2: -0.0037796694675710815
   p1: 0.0036516318266152027
   p2: 0.00018459537061443778
projection_parameters:
   fx: 428.22896940067756
   fy: 431.0480615292847
   cx: 421.626988973106
   cy: 238.28316051990384
