%YAML:1.0
---
model_type: PINHOLE
camera_name: camera
image_width: 848
image_height: 480
distortion_parameters:
   k1: 0.01733115790169245
   k2: -0.00976980259905608
   p1: 0.0045841109319306956
   p2: -0.0043204250212608665
projection_parameters:
   fx: 427.337287935329
   fy: 430.311341899093
   cx: 416.38077360820773
   cy: 238.0542344157943
