image_width: 1280
image_height: 720
camera_name: "realsensed455" 
camera_matrix:
  rows: 3
  cols: 3
  data: [644.25537109375, 0.0, 642.7123413085938, 0.0, 643.3694458007812, 359.95391845703125, 0.0, 0.0, 1.0]
distortion_model: "plumb_bob"
dist_coeffs:
  rows: 1
  cols: 5
  data: [-0.05690962076187134, 0.06774038821458817, -0.00013168509758543223, 0.0008833538740873337, -0.022255651652812958]
rectification_matrix:
  rows: 3
  cols: 3
  data: [1.0, 0.0, 0.0, 0.0, 1.0, 0.0, 0.0, 0.0, 1.0]
projection_matrix:
  rows: 3
  cols: 4
  data: [644.25537109375, 0.0, 642.7123413085938, 0.0, 0.0, 643.3694458007812, 359.95391845703125, 0.0, 0.0, 0.0, 1.0, 0.0]

